time,position,Pipe elevation profile,Heat transfer - gas-wall,Heat transfer - oil-wall,Heat transfer - gas-oil,Heat transfer - average-wall,Heat transfer - OHTC,Heat transfer - surroundings,MFR - continuous gas,MFR - continuous oil,MFR - bubbles,MFR - droplets,MFR - total gas,MFR - total liquid,MFR - total,Pressure,Temperature - gas,Temperature - oil,Temperature - average,CO2 mGas total,CO2 mOil total,CO2 mTotal
[s],[m],[m],[W/m²-K],[W/m²-K],[W/m²-K],[W/m²-K],[W/m²-K],[W/m²-K],[kg/s],[kg/s],[kg/s],[kg/s],[kg/s],[kg/s],[kg/s],[Pa],[C],[C],[C],[?],[?],[?]
0,0,0,,,,,,,0,0,0,0,0,0,0,,,,,,,
0,25,,0,0,0,0,0,0,,,,,,,,100.00000000000001,5,5,5,,,
0,50,0,,,,,,,0,0,0,0,0,0,0,,,,,,,
0,75,,0,0,0,0,0,0,,,,,,,,100.00000000000001,5,5,5,,,
0,100,0,,,,,,,0,0,0,0,0,0,0,,,,,,,
0,125,,0,0,0,0,0,0,,,,,,,,100.00000000000001,5,5,5,,,
0,150,0,,,,,,,0,0,0,0,0,0,0,,,,,,,
0,175,,0,0,0,0,0,0,,,,,,,,100.00000000000001,5,5,5,,,
0,200,0,,,,,,,0,0,0,0,0,0,0,,,,,,,
0,225,,0,0,0,0,0,0,,,,,,,,100.00000000000001,5,5,5,,,
0,250,0,,,,,,,0,0,0,0,0,0,0,,,,,,,
0,275,,0,0,0,0,0,0,,,,,,,,100.00000000000001,5,5,5,,,
0,300,0,,,,,,,0,0,0,0,0,0,0,,,,,,,
0,325,,0,0,0,0,0,0,,,,,,,,100.00000000000001,5,5,5,,,
0,350,0,,,,,,,0,0,0,0,0,0,0,,,,,,,
0,375,,0,0,0,0,0,0,,,,,,,,100.00000000000001,5,5,5,,,
0,400,0,,,,,,,0,0,0,0,0,0,0,,,,,,,
0,425,,0,0,0,0,0,0,,,,,,,,100.00000000000001,5,5,5,,,
0,450,0,,,,,,,0,0,0,0,0,0,0,,,,,,,
0,475,,0,0,0,0,0,0,,,,,,,,100.00000000000001,5,5,5,,,
0,500,0,,,,,,,0,0,0,0,0,0,0,,,,,,,
0,525,,0,0,0,0,0,0,,,,,,,,100.00000000000001,5,5,5,,,
0,550,0,,,,,,,0,0,0,0,0,0,0,,,,,,,
0,575,,0,0,0,0,0,0,,,,,,,,100.00000000000001,5,5,5,,,
0,600,0,,,,,,,0,0,0,0,0,0,0,,,,,,,
0,625,,0,0,0,0,0,0,,,,,,,,100.00000000000001,5,5,5,,,
0,650,0,,,,,,,0,0,0,0,0,0,0,,,,,,,
0,675,,0,0,0,0,0,0,,,,,,,,100.00000000000001,5,5,5,,,
0,700,0,,,,,,,0,0,0,0,0,0,0,,,,,,,
0,725,,0,0,0,0,0,0,,,,,,,,100.00000000000001,5,5,5,,,
0,750,0,,,,,,,0,0,0,0,0,0,0,,,,,,,
0,775,,0,0,0,0,0,0,,,,,,,,100.00000000000001,5,5,5,,,
0,800,0,,,,,,,0,0,0,0,0,0,0,,,,,,,
0,825,,0,0,0,0,0,0,,,,,,,,100.00000000000001,5,5,5,,,
0,850,0,,,,,,,0,0,0,0,0,0,0,,,,,,,
0,875,,0,0,0,0,0,0,,,,,,,,100.00000000000001,5,5,5,,,
0,900,0,,,,,,,0,0,0,0,0,0,0,,,,,,,
0,925,,0,0,0,0,0,0,,,,,,,,100.00000000000001,5,5,5,,,
0,950,0,,,,,,,0,0,0,0,0,0,0,,,,,,,
0,975,,0,0,0,0,0,0,,,,,,,,100.00000000000001,5,5,5,,,
0,1000,0,,,,,,,0,0,0,0,0,0,0,,,,,,,
215.05479694997214,0,0,,,,,,,0,20,0,0,0,20,20,,,,,,,
215.05479694997214,25,,245.58833782077983,2225.477358969871,0,2225.477358969871,366.64600043196566,425.2186540488346,,,,,,,,109.81464051107876,0.7905542740496685,0.7905542740496685,0.7905542740496685,,,
215.05479694997214,50,0,,,,,,,0,19.990410751520514,0,0,0,19.990410751520514,19.990410751520514,,,,,,,
215.05479694997214,75,,219.15532966669227,2218.730178873739,0,2218.730178873739,366.4624011382099,425.2186540488346,,,,,,,,109.7898757287611,1.5352639379415223,1.5352639379415223,1.5352639379415223,,,
215.05479694997214,100,0,,,,,,,0,19.963927552825773,0,0,0,19.963927552825773,19.963927552825773,,,,,,,
215.05479694997214,125,,184.4690289051978,2209.369042749174,0,2209.369042749174,366.2061234307661,425.2186540488346,,,,,,,,109.7650187712087,2.271060147237904,2.271060147237904,2.271060147237904,,,
215.05479694997214,150,0,,,,,,,0,19.91567151524176,0,0,0,19.91567151524176,19.91567151524176,,,,,,,
215.05479694997214,175,,140.76208372121854,2198.5729262795876,0,2198.5729262795876,365.90830176670835,425.2186540488346,,,,,,,,109.74016662158905,2.9671707353895727,2.9671707353895727,2.9671707353895727,,,
215.05479694997214,200,0,,,,,,,0,19.850758507824228,0,0,0,19.850758507824228,19.850758507824228,,,,,,,
215.05479694997214,225,,50.65090879939053,2187.205696119266,0,2187.205696119266,365.5920789591926,425.2186540488346,,,,,,,,109.71535744280447,3.5655634710215622,3.5655634710215622,3.5655634710215622,,,
215.05479694997214,250,0,,,,,,,0,19.780172280902036,0,0,0,19.780172280902036,19.780172280902036,,,,,,,
215.05479694997214,275,,121.73675363852834,2180.450952030349,0,2180.450952030349,365.40287000664216,425.2186540488346,,,,,,,,109.69061389650962,4.026372060562721,4.026372060562721,4.026372060562721,,,
215.05479694997214,300,0,,,,,,,0,19.71392423998261,0,0,0,19.71392423998261,19.71392423998261,,,,,,,
215.05479694997214,325,,144.53525047347145,2174.4045207831186,0,2174.4045207831186,365.2326721723254,425.2186540488346,,,,,,,,109.66594469170569,4.34547794020699,4.34547794020699,4.34547794020699,,,
215.05479694997214,350,0,,,,,,,0,19.65724185863817,0,0,0,19.65724185863817,19.65724185863817,,,,,,,
215.05479694997214,375,,155.6816479067805,2169.537741641264,0,2169.537741641264,365.0951066127678,425.2186540488346,,,,,,,,109.64134990905599,4.546142874516477,4.546142874516477,4.546142874516477,,,
215.05479694997214,400,0,,,,,,,0,19.610731321507306,0,0,0,19.610731321507306,19.610731321507306,,,,,,,
215.05479694997214,425,,161.0784015818331,2165.6444252208566,0,2165.6444252208566,364.984687056852,425.2186540488346,,,,,,,,109.61682608536569,4.661940260327867,4.661940260327867,4.661940260327867,,,
215.05479694997214,450,0,,,,,,,0,19.572424450453894,0,0,0,19.572424450453894,19.572424450453894,,,,,,,
215.05479694997214,475,,163.5265913772158,2162.405170822546,0,2162.405170822546,364.8925656645326,425.2186540488346,,,,,,,,109.59236933505544,4.723824448635128,4.723824448635128,4.723824448635128,,,
215.05479694997214,500,0,,,,,,,0,19.539705385940564,0,0,0,19.539705385940564,19.539705385940564,,,,,,,
215.05479694997214,525,,164.54294194962637,2159.5509458460224,0,2159.5509458460224,364.8112038061362,425.2186540488346,,,,,,,,109.56797662063634,4.754644937408841,4.754644937408841,4.754644937408841,,,
215.05479694997214,550,0,,,,,,,0,19.510359970676493,0,0,0,19.510359970676493,19.510359970676493,,,,,,,
215.05479694997214,575,,164.9086921826974,2156.901919141143,0,2156.901919141143,364.7355311939316,425.2186540488346,,,,,,,,109.54364594194715,4.768962770574319,4.768962770574319,4.768962770574319,,,
215.05479694997214,600,0,,,,,,,0,19.48287275770206,0,0,0,19.48287275770206,19.48287275770206,,,,,,,
215.05479694997214,625,,164.99690073744497,2154.3540902579475,0,2154.3540902579475,364.66260356809903,425.2186540488346,,,,,,,,109.5193761037958,4.7750965694181104,4.7750965694181104,4.7750965694181104,,,
215.05479694997214,650,0,,,,,,,0,19.456339479407024,0,0,0,19.456339479407024,19.456339479407024,,,,,,,
215.05479694997214,675,,164.97329815912312,2151.853370397616,0,2151.853370397616,364.5908848830965,425.2186540488346,,,,,,,,109.4951664214807,4.777405186701856,4.777405186701856,4.777405186701856,,,
215.05479694997214,700,0,,,,,,,0,19.430272334325565,0,0,0,19.430272334325565,19.430272334325565,,,,,,,
215.05479694997214,725,,164.9069568891568,2149.373888483038,0,2149.373888483038,364.5196384643436,425.2186540488346,,,,,,,,109.47101649531595,4.7780160141824695,4.7780160141824695,4.7780160141824695,,,
215.05479694997214,750,0,,,,,,,0,19.404428287866633,0,0,0,19.404428287866633,19.404428287866633,,,,,,,
215.05479694997214,775,,164.82510675214994,2146.9040945098814,0,2146.9040945098814,364.4485345920598,425.2186540488346,,,,,,,,109.44692607065967,4.777907001913434,4.777907001913434,4.777907001913434,,,
215.05479694997214,800,0,,,,,,,0,19.37869391498474,0,0,0,19.37869391498474,19.37869391498474,,,,,,,
215.05479694997214,825,,164.73797590915862,2144.4391246996515,0,2144.4391246996515,364.3774340487027,425.2186540488346,,,,,,,,109.42289496151443,4.777505190742318,4.777505190742318,4.777505190742318,,,
215.05479694997214,850,0,,,,,,,0,19.35301912901677,0,0,0,19.35301912901677,19.35301912901677,,,,,,,
215.05479694997214,875,,164.649252095272,2141.977031782957,0,2141.977031782957,364.306280913844,425.2186540488346,,,,,,,,109.39892301251403,4.776988948167059,4.776988948167059,4.776988948167059,,,
215.05479694997214,900,0,,,,,,,0,19.327382843651236,0,0,0,19.327382843651236,19.327382843651236,,,,,,,
215.05479694997214,925,,164.56013300920952,2139.5170709115564,0,2139.5170709115564,364.235053687629,425.2186540488346,,,,,,,,109.3750100812192,4.776428721820707,4.776428721820707,4.776428721820707,,,
215.05479694997214,950,0,,,,,,,0,19.30177654139077,0,0,0,19.30177654139077,19.30177654139077,,,,,,,
215.05479694997214,975,,119.83077946638339,2140.083577793623,0,2140.083577793623,364.25146872028085,425.2186540488346,,,,,,,,100.01206109320391,4.357596162062123,4.357596162062123,4.357596162062123,,,
215.05479694997214,1000,0,,,,,,,0,19.279317934560762,0,0,0,19.279317934560762,19.279317934560762,,,,,,,
421.6871068080486,0,0,,,,,,,0,20,0,0,0,20,20,,,,,,,
421.6871068080486,25,,249.1990845613684,2226.8940518114496,0,2226.8940518114496,366.68443237907843,425.2186540488346,,,,,,,,110.2236580810822,0.7451066106668236,0.7451066106668236,0.7451066106668236,,,
421.6871068080486,50,0,,,,,,,0,19.998561588768407,0,0,0,19.998561588768407,19.998561588768407,,,,,,,
421.6871068080486,75,,231.14804875452694,2222.824716059474,0,2222.824716059474,366.57392970208707,425.2186540488346,,,,,,,,110.19887767346331,1.3550986741344104,1.3550986741344104,1.3550986741344104,,,
421.6871068080486,100,0,,,,,,,0,19.996320242761108,0,0,0,19.996320242761108,19.996320242761108,,,,,,,
421.6871068080486,125,,212.8894455211187,2219.1715265472194,0,2219.1715265472194,366.4744392560796,425.2186540488346,,,,,,,,110.17395790914821,1.8623818248096882,1.8623818248096882,1.8623818248096882,,,
421.6871068080486,150,0,,,,,,,0,19.992288890738905,0,0,0,19.992288890738905,19.992288890738905,,,,,,,
421.6871068080486,175,,193.95953648319013,2215.651798143937,0,2215.651798143937,366.37832446353804,425.2186540488346,,,,,,,,110.14896850795101,2.293703179146121,2.293703179146121,2.293703179146121,,,
421.6871068080486,200,0,,,,,,,0,19.985232826439475,0,0,0,19.985232826439475,19.985232826439475,,,,,,,
421.6871068080486,225,,173.93772861395493,2212.0136370708624,0,2212.0136370708624,366.27870732605714,425.2186540488346,,,,,,,,110.12392835396273,2.66893828448832,2.66893828448832,2.66893828448832,,,
421.6871068080486,250,0,,,,,,,0,19.97419238337617,0,0,0,19.97419238337617,19.97419238337617,,,,,,,
421.6871068080486,275,,152.5346640473783,2208.164554462134,0,2208.164554462134,366.17301681241014,425.2186540488346,,,,,,,,110.09885538542933,2.9997413058813436,2.9997413058813436,2.9997413058813436,,,
421.6871068080486,300,0,,,,,,,0,19.958945633716233,0,0,0,19.958945633716233,19.958945633716233,,,,,,,
421.6871068080486,325,,129.20858551213215,2204.1559308473966,0,2204.1559308473966,366.06261829246023,425.2186540488346,,,,,,,,110.0737659529232,3.2904606322365453,3.2904606322365453,3.2904606322365453,,,
421.6871068080486,350,0,,,,,,,0,19.94013540717328,0,0,0,19.94013540717328,19.94013540717328,,,,,,,
421.6871068080486,375,,101.80891900500299,2200.1015020878253,0,2200.1015020878253,365.950617136023,425.2186540488346,,,,,,,,110.04867400439889,3.5409854378975183,3.5409854378975183,3.5409854378975183,,,
421.6871068080486,400,0,,,,,,,0,19.919033236460624,0,0,0,19.919033236460624,19.919033236460624,,,,,,,
421.6871068080486,425,,30.30942561881985,2195.846599783243,0,2195.846599783243,365.83270733868915,425.2186540488346,,,,,,,,110.02359051514706,3.7500909181098905,3.7500909181098905,3.7500909181098905,,,
421.6871068080486,450,0,,,,,,,0,19.89711543454034,0,0,0,19.89711543454034,19.89711543454034,,,,,,,
421.6871068080486,475,,92.22427135203554,2193.9275617034723,0,2193.9275617034723,365.7794031804925,425.2186540488346,,,,,,,,109.99852337840643,3.9179293181881576,3.9179293181881576,3.9179293181881576,,,
421.6871068080486,500,0,,,,,,,0,19.875669947489108,0,0,0,19.875669947489108,19.875669947489108,,,,,,,
421.6871068080486,525,,107.93439961581448,2191.7755788694494,0,2191.7755788694494,365.7195361327319,425.2186540488346,,,,,,,,109.97347772681593,4.047068602233367,4.047068602233367,4.047068602233367,,,
421.6871068080486,550,0,,,,,,,0,19.855565960099966,0,0,0,19.855565960099966,19.855565960099966,,,,,,,
421.6871068080486,575,,116.38022835405913,2189.8080532851022,0,2189.8080532851022,365.66471481492255,425.2186540488346,,,,,,,,109.94845652931106,4.142281083027058,4.142281083027058,4.142281083027058,,,
421.6871068080486,600,0,,,,,,,0,19.837211756415275,0,0,0,19.837211756415275,19.837211756415275,,,,,,,
421.6871068080486,625,,121.2547970170176,2188.0553937623345,0,2188.0553937623345,365.6158111711801,425.2186540488346,,,,,,,,109.92346124499706,4.209624308074808,4.209624308074808,4.209624308074808,,,
421.6871068080486,650,0,,,,,,,0,19.8206411846056,0,0,0,19.8206411846056,19.8206411846056,,,,,,,
421.6871068080486,675,,124.07117698065828,2186.492660547215,0,2186.492660547215,365.5721518900742,425.2186540488346,,,,,,,,109.8984924002711,4.255404578470404,4.255404578470404,4.255404578470404,,,
421.6871068080486,700,0,,,,,,,0,19.8056516891629,0,0,0,19.8056516891629,19.8056516891629,,,,,,,
421.6871068080486,725,,125.66118951780199,2185.0784616722003,0,2185.0784616722003,365.53259750428253,425.2186540488346,,,,,,,,109.87355002046068,4.285378980102962,4.285378980102962,4.285378980102962,,,
421.6871068080486,750,0,,,,,,,0,19.791934721095206,0,0,0,19.791934721095206,19.791934721095206,,,,,,,
421.6871068080486,775,,126.526082277118,2183.771354633294,0,2183.771354633294,365.496000486771,425.2186540488346,,,,,,,,109.84863391125123,4.304315841029563,4.304315841029563,4.304315841029563,,,
421.6871068080486,800,0,,,,,,,0,19.779169502271277,0,0,0,19.779169502271277,19.779169502271277,,,,,,,
421.6871068080486,825,,126.9718647491587,2182.536828171366,0,2182.536828171366,365.46140210370066,425.2186540488346,,,,,,,,109.82374381861904,4.315872708772133,4.315872708772133,4.315872708772133,,,
421.6871068080486,850,0,,,,,,,0,19.767075655460815,0,0,0,19.767075655460815,19.767075655460815,,,,,,,
421.6871068080486,875,,127.1820577055244,2181.3491173731413,0,2181.3491173731413,365.42808498901195,425.2186540488346,,,,,,,,109.798879505465,4.322683832496239,4.322683832496239,4.322683832496239,,,
421.6871068080486,900,0,,,,,,,0,19.755433360686002,0,0,0,19.755433360686002,19.755433360686002,,,,,,,
421.6871068080486,925,,127.2634528036978,2180.1904290008774,0,2180.1904290008774,365.3955528798515,425.2186540488346,,,,,,,,109.7740407786751,4.326547029725191,4.326547029725191,4.326547029725191,,,
421.6871068080486,950,0,,,,,,,0,19.744083288136633,0,0,0,19.744083288136633,19.744083288136633,,,,,,,
421.6871068080486,975,,53.45082726907048,2181.402301802604,0,2181.402301802604,365.4295775400025,425.2186540488346,,,,,,,,100.01257074685869,3.912458933114067,3.912458933114067,3.912458933114067,,,
421.6871068080486,1000,0,,,,,,,0,19.73377549774314,0,0,0,19.73377549774314,19.73377549774314,,,,,,,
609.0641751743789,0,0,,,,,,,0,20,0,0,0,20,20,,,,,,,
609.0641751743789,25,,249.82463022164336,2227.0169977676583,0,2227.0169977676583,366.68776572246105,425.2186540488346,,,,,,,,110.3655812250779,0.7413161749699952,0.7413161749699952,0.7413161749699952,,,
609.0641751743789,50,0,,,,,,,0,19.999456416820898,0,0,0,19.999456416820898,19.999456416820898,,,,,,,
609.0641751743789,75,,232.33339279761034,2223.1321603114516,0,2223.1321603114516,366.5822901382404,425.2186540488346,,,,,,,,110.34080144011462,1.343984202078218,1.343984202078218,1.343984202078218,,,
609.0641751743789,100,0,,,,,,,0,19.99880145236834,0,0,0,19.99880145236834,19.99880145236834,,,,,,,
609.0641751743789,125,,215.58814661444296,2219.977647073167,0,2219.977647073167,366.4964165354138,425.2186540488346,,,,,,,,110.31587869937998,1.8356143850941748,1.8356143850941748,1.8356143850941748,,,
609.0641751743789,150,0,,,,,,,0,19.997956834446395,0,0,0,19.997956834446395,19.997956834446395,,,,,,,
609.0641751743789,175,,199.72987647503516,2217.377599527986,0,2217.377599527986,366.4254835180321,425.2186540488346,,,,,,,,110.2908798418255,2.238141356906567,2.238141356906567,2.238141356906567,,,
609.0641751743789,200,0,,,,,,,0,19.99676386007037,0,0,0,19.99676386007037,19.99676386007037,,,,,,,
609.0641751743789,225,,184.7313134557863,2215.1560000321674,0,2215.1560000321674,366.36476499981575,425.2186540488346,,,,,,,,110.26581914881803,2.5697489632291877,2.5697489632291877,2.5697489632291877,,,
609.0641751743789,250,0,,,,,,,0,19.99498136054352,0,0,0,19.99498136054352,19.99498136054352,,,,,,,
609.0641751743789,275,,170.40393024729644,2213.175722785231,0,2213.175722785231,366.3105563092623,425.2186540488346,,,,,,,,110.24070899501284,2.8453760429238173,2.8453760429238173,2.8453760429238173,,,
609.0641751743789,300,0,,,,,,,0,19.992326365222958,0,0,0,19.992326365222958,19.992326365222958,,,,,,,
609.0641751743789,325,,156.51742935905165,2211.322425986816,0,2211.322425986816,366.2597502352217,425.2186540488346,,,,,,,,110.2155602696025,3.076920577271892,3.076920577271892,3.076920577271892,,,
609.0641751743789,350,0,,,,,,,0,19.988547929683016,0,0,0,19.988547929683016,19.988547929683016,,,,,,,
609.0641751743789,375,,142.8058222510968,2209.5224093154106,0,2209.5224093154106,366.2103367097754,425.2186540488346,,,,,,,,110.1903826436404,3.2733810557090806,3.2733810557090806,3.2733810557090806,,,
609.0641751743789,400,0,,,,,,,0,19.983504264904237,0,0,0,19.983504264904237,19.983504264904237,,,,,,,
609.0641751743789,425,,128.97274468131326,2207.7394647760525,0,2207.7394647760525,366.16132558462033,425.2186540488346,,,,,,,,110.16518468611493,3.4411363649446685,3.4411363649446685,3.4411363649446685,,,
609.0641751743789,450,0,,,,,,,0,19.97721098235168,0,0,0,19.97721098235168,19.97721098235168,,,,,,,
609.0641751743789,475,,114.61039137702815,2205.9680583239156,0,2205.9680583239156,366.1125661918212,425.2186540488346,,,,,,,,110.1399738729451,3.5844385028028682,3.5844385028028682,3.5844385028028682,,,
609.0641751743789,500,0,,,,,,,0,19.9698431454422,0,0,0,19.9698431454422,19.9698431454422,,,,,,,
609.0641751743789,525,,98.94620533229667,2204.2198432701985,0,2204.2198432701985,366.06438108382,425.2186540488346,,,,,,,,110.11475655221844,3.7060562723026464,3.7060562723026464,3.7060562723026464,,,
609.0641751743789,550,0,,,,,,,0,19.96169467503553,0,0,0,19.96169467503553,19.96169467503553,,,,,,,
609.0641751743789,575,,80.1980981956253,2202.500850347075,0,2202.500850347075,366.01693921872163,425.2186540488346,,,,,,,,110.0895379246715,3.8079327876510547,3.8079327876510547,3.8079327876510547,,,
609.0641751743789,600,0,,,,,,,0,19.953113784424197,0,0,0,19.953113784424197,19.953113784424197,,,,,,,
609.0641751743789,625,,37.986493887920325,2200.694633414131,0,2200.694633414131,365.9670235172097,425.2186540488346,,,,,,,,110.06432207609781,3.891722788617585,3.891722788617585,3.891722788617585,,,
609.0641751743789,650,0,,,,,,,0,19.944437258439557,0,0,0,19.944437258439557,19.944437258439557,,,,,,,
609.0641751743789,675,,69.34891496413705,2199.9831193434557,0,2199.9831193434557,365.9473417128423,425.2186540488346,,,,,,,,110.03911207162571,3.959132931157228,3.959132931157228,3.959132931157228,,,
609.0641751743789,700,0,,,,,,,0,19.935941264671808,0,0,0,19.935941264671808,19.935941264671808,,,,,,,
609.0641751743789,725,,82.28191189653778,2199.2004409730234,0,2199.2004409730234,365.9256791091793,425.2186540488346,,,,,,,,110.01391009831329,4.012057422902956,4.012057422902956,4.012057422902956,,,
609.0641751743789,750,0,,,,,,,0,19.92781566197028,0,0,0,19.92781566197028,19.92781566197028,,,,,,,
609.0641751743789,775,,89.26131575515129,2198.4254700510546,0,2198.4254700510546,365.9042171606515,425.2186540488346,,,,,,,,109.98871763589459,4.052559500592906,4.052559500592906,4.052559500592906,,,
609.0641751743789,800,0,,,,,,,0,19.920161606414815,0,0,0,19.920161606414815,19.920161606414815,,,,,,,
609.0641751743789,825,,93.49651346049029,2197.6920676970167,0,2197.6920676970167,365.8838947875523,425.2186540488346,,,,,,,,109.96353562735773,4.08276117191599,4.08276117191599,4.08276117191599,,,
609.0641751743789,850,0,,,,,,,0,19.91300509685512,0,0,0,19.91300509685512,19.91300509685512,,,,,,,
609.0641751743789,875,,96.15147807267945,2197.005927323028,0,2197.005927323028,365.864871791746,425.2186540488346,,,,,,,,109.9383646327015,4.104708977726489,4.104708977726489,4.104708977726489,,,
609.0641751743789,900,0,,,,,,,0,19.906318236102173,0,0,0,19.906318236102173,19.906318236102173,,,,,,,
609.0641751743789,925,,97.82095207166499,2196.363144786472,0,2196.363144786472,365.84704188984097,425.2186540488346,,,,,,,,109.91320495492906,4.120258482083898,4.120258482083898,4.120258482083898,,,
609.0641751743789,950,0,,,,,,,0,19.900041290596484,0,0,0,19.900041290596484,19.900041290596484,,,,,,,
609.0641751743789,975,,93.69468941380823,2199.6927024959236,0,2199.6927024959236,365.9393051915396,425.2186540488346,,,,,,,,100.01275013220591,3.7151433796645392,3.7151433796645392,3.7151433796645392,,,
609.0641751743789,1000,0,,,,,,,0,19.894423373950055,0,0,0,19.894423373950055,19.894423373950055,,,,,,,
832.8714648585897,0,0,,,,,,,0,20,0,0,0,20,20,,,,,,,
832.8714648585897,25,,250.08752324557943,2227.059472212129,0,2227.059472212129,366.68891722941544,425.2186540488346,,,,,,,,110.42742831042759,0.7398296732142171,0.7398296732142171,0.7398296732142171,,,
832.8714648585897,50,0,,,,,,,0,19.999828127179107,0,0,0,19.999828127179107,19.999828127179107,,,,,,,
832.8714648585897,75,,232.6798827768278,2223.212326621149,0,2223.212326621149,366.58446981057244,425.2186540488346,,,,,,,,110.40264892903006,1.340786746077697,1.340786746077697,1.340786746077697,,,
832.8714648585897,100,0,,,,,,,0,19.999626239535527,0,0,0,19.999626239535527,19.999626239535527,,,,,,,
832.8714648585897,125,,216.1081376256871,2220.1388278681156,0,2220.1388278681156,366.5008092120089,425.2186540488346,,,,,,,,110.3777256464485,1.8300751580785573,1.8300751580785573,1.8300751580785573,,,
832.8714648585897,150,0,,,,,,,0,19.9993909300372,0,0,0,19.9993909300372,19.9993909300372,,,,,,,
832.8714648585897,175,,200.61651766178332,2217.668117221212,0,2217.668117221212,366.43341614659624,425.2186540488346,,,,,,,,110.35272502148278,2.22884929366586,2.22884929366586,2.22884929366586,,,
832.8714648585897,200,0,,,,,,,0,19.999113904259563,0,0,0,19.999113904259563,19.999113904259563,,,,,,,
832.8714648585897,225,,186.32027284826074,2215.661440137173,0,2215.661440137173,366.3785881098923,425.2186540488346,,,,,,,,110.32766070854686,2.5542291704818467,2.5542291704818467,2.5542291704818467,,,
832.8714648585897,250,0,,,,,,,0,19.998777677610295,0,0,0,19.998777677610295,19.998777677610295,,,,,,,
832.8714648585897,275,,173.21362903587794,2214.006271089005,0,2214.006271089005,366.33330183533934,425.2186540488346,,,,,,,,110.30254409853342,2.8201287441817726,2.8201287441817726,2.8201287441817726,,,
832.8714648585897,300,0,,,,,,,0,19.998351483225804,0,0,0,19.998351483225804,19.998351483225804,,,,,,,
832.8714648585897,325,,161.20944309537583,2212.636960122348,0,2212.636960122348,366.295794051072,425.2186540488346,,,,,,,,110.27738467017197,3.0378988614923514,3.0378988614923514,3.0378988614923514,,,
832.8714648585897,350,0,,,,,,,0,19.99778965758401,0,0,0,19.99778965758401,19.99778965758401,,,,,,,
832.8714648585897,375,,150.1677239122633,2211.44738263282,0,2211.44738263282,366.2631780167419,425.2186540488346,,,,,,,,110.25219038390239,3.216811015932876,3.216811015932876,3.216811015932876,,,
832.8714648585897,400,0,,,,,,,0,19.997034652257057,0,0,0,19.997034652257057,19.997034652257057,,,,,,,
832.8714648585897,425,,139.8858243170379,2210.4293119392796,0,2210.4293119392796,366.2352411249376,425.2186540488346,,,,,,,,110.22696794317626,3.364415962861017,3.364415962861017,3.364415962861017,,,
832.8714648585897,450,0,,,,,,,0,19.99602480724856,0,0,0,19.99602480724856,19.99602480724856,,,,,,,
832.8714648585897,475,,130.18823415851202,2209.5226934985058,0,2209.5226934985058,366.2103445163869,425.2186540488346,,,,,,,,110.20172299126261,3.4868079700398766,3.4868079700398766,3.4868079700398766,,,
832.8714648585897,500,0,,,,,,,0,19.99470566040349,0,0,0,19.99470566040349,19.99470566040349,,,,,,,
832.8714648585897,525,,120.89716295985205,2208.667310341461,0,2208.667310341461,366.1868392453033,425.2186540488346,,,,,,,,110.17646039655261,3.5888351161829064,3.5888351161829064,3.5888351161829064,,,
832.8714648585897,550,0,,,,,,,0,19.993041519446,0,0,0,19.993041519446,19.993041519446,,,,,,,
832.8714648585897,575,,111.81811727281782,2207.8551278817936,0,2207.8551278817936,366.1645070351341,425.2186540488346,,,,,,,,110.1511843458241,3.674286300799565,3.674286300799565,3.674286300799565,,,
832.8714648585897,600,0,,,,,,,0,19.991023864521058,0,0,0,19.991023864521058,19.991023864521058,,,,,,,
832.8714648585897,625,,102.74428120081271,2207.107085615793,0,2207.107085615793,366.1439263305635,425.2186540488346,,,,,,,,110.12589836802772,3.746072124908835,3.746072124908835,3.746072124908835,,,
832.8714648585897,650,0,,,,,,,0,19.988674409901662,0,0,0,19.988674409901662,19.988674409901662,,,,,,,
832.8714648585897,675,,93.47140759775279,2206.3748258577957,0,2206.3748258577957,366.1237685725475,425.2186540488346,,,,,,,,110.10060546488022,3.8064063185512396,3.8064063185512396,3.8064063185512396,,,
832.8714648585897,700,0,,,,,,,0,19.986042345121483,0,0,0,19.986042345121483,19.986042345121483,,,,,,,
832.8714648585897,725,,83.678232296015,2205.651025542848,0,2205.651025542848,366.1038327172195,425.2186540488346,,,,,,,,110.0753082040022,3.856980310845472,3.856980310845472,3.856980310845472,,,
832.8714648585897,750,0,,,,,,,0,19.983196593981575,0,0,0,19.983196593981575,19.983196593981575,,,,,,,
832.8714648585897,775,,72.75454516623472,2204.969050298047,0,2204.969050298047,366.08503887535454,425.2186540488346,,,,,,,,110.05000867255033,3.899120088581526,3.899120088581526,3.899120088581526,,,
832.8714648585897,800,0,,,,,,,0,19.98021543618961,0,0,0,19.98021543618961,19.98021543618961,,,,,,,
832.8714648585897,825,,59.272083436832716,2204.301842792638,0,2204.301842792638,366.0666426170883,425.2186540488346,,,,,,,,110.0247085339091,3.9339140016822967,3.9339140016822967,3.9339140016822967,,,
832.8714648585897,850,0,,,,,,,0,19.977176297911445,0,0,0,19.977176297911445,19.977176297911445,,,,,,,
832.8714648585897,875,,28.7070725141729,2203.5908276084033,0,2203.5908276084033,366.0470282681395,425.2186540488346,,,,,,,,109.99940909272212,3.9623058877112953,3.9623058877112953,3.9623058877112953,,,
832.8714648585897,900,0,,,,,,,0,19.97414719322419,0,0,0,19.97414719322419,19.97414719322419,,,,,,,
832.8714648585897,925,,51.71368577931988,2203.429967253984,0,2203.429967253984,366.0425892459317,425.2186540488346,,,,,,,,109.97411136695126,3.98515181797751,3.98515181797751,3.98515181797751,,,
832.8714648585897,950,0,,,,,,,0,19.9711814991688,0,0,0,19.9711814991688,19.9711814991688,,,,,,,
832.8714648585897,975,,109.55632863608632,2208.320765142945,0,2208.320765142945,366.1773121262889,425.2186540488346,,,,,,,,100.01283050758089,3.5884690272411603,3.5884690272411603,3.5884690272411603,,,
832.8714648585897,1000,0,,,,,,,0,19.968402683269847,0,0,0,19.968402683269847,19.968402683269847,,,,,,,
1019.0860838059918,0,0,,,,,,,0,20,0,0,0,20,20,,,,,,,
1019.0860838059918,25,,250.16072508981276,2227.0727376474056,0,2227.0727376474056,366.68927685558117,425.2186540488346,,,,,,,,110.44371102246998,0.7393729558939413,0.7393729558939413,0.7393729558939413,,,
1019.0860838059918,50,0,,,,,,,0,19.999940641599963,0,0,0,19.999940641599963,19.999940641599963,,,,,,,
1019.0860838059918,75,,232.77406738574606,2223.2358406831145,0,2223.2358406831145,366.5851091184614,425.2186540488346,,,,,,,,110.41893171666975,1.3398464303403443,1.3398464303403443,1.3398464303403443,,,
1019.0860838059918,100,0,,,,,,,0,19.999869500083175,0,0,0,19.999869500083175,19.999869500083175,,,,,,,
1019.0860838059918,125,,216.2326196484163,2220.1811395812792,0,2220.1811395812792,366.5019622491868,425.2186540488346,,,,,,,,110.39400824838467,1.8286141244574878,1.8286141244574878,1.8286141244574878,,,
1019.0860838059918,150,0,,,,,,,0,19.999785914469097,0,0,0,19.999785914469097,19.999785914469097,,,,,,,
1019.0860838059918,175,,200.78652084173288,2217.732994717353,0,2217.732994717353,366.435187399242,425.2186540488346,,,,,,,,110.36900715094269,2.2267940030685054,2.2267940030685054,2.2267940030685054,,,
1019.0860838059918,200,0,,,,,,,0,19.99968895431098,0,0,0,19.99968895431098,19.99968895431098,,,,,,,
1019.0860838059918,225,,186.56216090310969,2215.755965720923,0,2215.755965720923,366.3811726737938,425.2186540488346,,,,,,,,110.34394201309125,2.5514263698416926,2.5514263698416926,2.5514263698416926,,,
1019.0860838059918,250,0,,,,,,,0,19.99957689916181,0,0,0,19.99957689916181,19.99957689916181,,,,,,,
1019.0860838059918,275,,173.57674668257087,2214.1434529025023,0,2214.1434529025023,366.33705734765863,425.2186540488346,,,,,,,,110.31882412451658,2.8162914097828775,2.8162914097828775,2.8162914097828775,,,
1019.0860838059918,300,0,,,,,,,0,19.999446408166914,0,0,0,19.999446408166914,19.999446408166914,,,,,,,
1019.0860838059918,325,,161.7801297431522,2212.8280655513036,0,2212.8280655513036,366.30103108351364,425.2186540488346,,,,,,,,110.29366282405203,3.0325590929242026,3.0325590929242026,3.0325590929242026,,,
1019.0860838059918,350,0,,,,,,,0,19.99929147789503,0,0,0,19.99929147789503,19.99929147789503,,,,,,,
1019.0860838059918,375,,151.06296405271715,2211.7285150063403,0,2211.7285150063403,366.270888792853,425.2186540488346,,,,,,,,110.26846584988049,3.209305708021077,3.209305708021077,3.209305708021077,,,
1019.0860838059918,400,0,,,,,,,0,19.999102536874872,0,0,0,19.999102536874872,19.999102536874872,,,,,,,
1019.0860838059918,425,,141.29588205029933,2210.8135666790135,0,2210.8135666790135,366.24578798665976,425.2186540488346,,,,,,,,110.24323961434263,3.3539231224007153,3.3539231224007153,3.3539231224007153,,,
1019.0860838059918,450,0,,,,,,,0,19.998865923756846,0,0,0,19.998865923756846,19.998865923756846,,,,,,,
1019.0860838059918,475,,132.33844069822317,2210.038317524379,0,2210.038317524379,366.2245061347097,425.2186540488346,,,,,,,,110.21798941502274,3.4724397199686337,3.4724397199686337,3.4724397199686337,,,
1019.0860838059918,500,0,,,,,,,0,19.99856449224456,0,0,0,19.99856449224456,19.99856449224456,,,,,,,
1019.0860838059918,525,,124.04374257213703,2209.3919540369716,0,2209.3919540369716,366.20675287957863,425.2186540488346,,,,,,,,110.19271963958467,3.5697721641722637,3.5697721641722637,3.5697721641722637,,,
1019.0860838059918,550,0,,,,,,,0,19.998179065528024,0,0,0,19.998179065528024,19.998179065528024,,,,,,,
1019.0860838059918,575,,116.30683324757541,2208.797156978178,0,2208.797156978178,366.19040830870773,425.2186540488346,,,,,,,,110.16743397550646,3.649922656453157,3.649922656453157,3.649922656453157,,,
1019.0860838059918,600,0,,,,,,,0,19.99769077481034,0,0,0,19.99769077481034,19.99769077481034,,,,,,,
1019.0860838059918,625,,108.97247304527319,2208.301855806121,0,2208.301855806121,366.1767922045787,425.2186540488346,,,,,,,,110.14213550191238,3.716132042867912,3.716132042867912,3.716132042867912,,,
1019.0860838059918,650,0,,,,,,,0,19.997084162124885,0,0,0,19.997084162124885,19.997084162124885,,,,,,,
1019.0860838059918,675,,101.9526170791188,2207.832648110192,0,2207.832648110192,366.16388872419924,425.2186540488346,,,,,,,,110.1168267935675,3.7710095947407467,3.7710095947407467,3.7710095947407467,,,
1019.0860838059918,700,0,,,,,,,0,19.99634965824964,0,0,0,19.99634965824964,19.99634965824964,,,,,,,
1019.0860838059918,725,,95.13363573541548,2207.3872546209986,0,2207.3872546209986,366.15163591493615,425.2186540488346,,,,,,,,110.09151006852574,3.8166370055599828,3.8166370055599828,3.8166370055599828,,,
1019.0860838059918,750,0,,,,,,,0,19.99548568435599,0,0,0,19.99548568435599,19.99548568435599,,,,,,,
1019.0860838059918,775,,88.40052445437547,2206.986213562619,0,2206.986213562619,366.1405997151388,425.2186540488346,,,,,,,,110.06618716836392,3.854664541825798,3.854664541825798,3.854664541825798,,,
1019.0860838059918,800,0,,,,,,,0,19.99449904767556,0,0,0,19.99449904767556,19.99449904767556,,,,,,,
1019.0860838059918,825,,81.63901112907801,2206.6379247326986,0,2206.6379247326986,366.1310124827796,425.2186540488346,,,,,,,,110.04085959126871,3.886393515257282,3.886393515257282,3.886393515257282,,,
1019.0860838059918,850,0,,,,,,,0,19.993404377458027,0,0,0,19.993404377458027,19.993404377458027,,,,,,,
1019.0860838059918,875,,74.72917083861435,2206.283225851798,0,2206.283225851798,366.12124620830434,425.2186540488346,,,,,,,,110.01552862393568,3.9128508739095764,3.9128508739095764,3.9128508739095764,,,
1019.0860838059918,900,0,,,,,,,0,19.99222260608854,0,0,0,19.99222260608854,19.99222260608854,,,,,,,
1019.0860838059918,925,,67.46703652375943,2205.945825141573,0,2205.945825141573,366.1119537905096,425.2186540488346,,,,,,,,109.99019536892354,3.934853863561102,3.934853863561102,3.934853863561102,,,
1019.0860838059918,950,0,,,,,,,0,19.990978177936555,0,0,0,19.990978177936555,19.990978177936555,,,,,,,
1019.0860838059918,975,,114.92966204037533,2210.944526117178,0,2210.944526117178,366.2493818071072,425.2186540488346,,,,,,,,100.01285305609885,3.5389776796021692,3.5389776796021692,3.5389776796021692,,,
1019.0860838059918,1000,0,,,,,,,0,19.989722436844016,0,0,0,19.989722436844016,19.989722436844016,,,,,,,
1205.2246642668117,0,0,,,,,,,0,20,0,0,0,20,20,,,,,,,
1205.2246642668117,25,,250.17359833207922,2227.077666147956,0,2227.077666147956,366.68941046639935,425.2186540488346,,,,,,,,110.44896041073163,0.7392057582565599,0.7392057582565599,0.7392057582565599,,,
1205.2246642668117,50,0,,,,,,,0,19.999981946908616,0,0,0,19.999981946908616,19.999981946908616,,,,,,,
1205.2246642668117,75,,232.79801239792423,2223.243966571048,0,2223.243966571048,366.58533004509366,425.2186540488346,,,,,,,,110.42418112906161,1.339498264551878,1.339498264551878,1.339498264551878,,,
1205.2246642668117,100,0,,,,,,,0,19.999959578409022,0,0,0,19.999959578409022,19.999959578409022,,,,,,,
1205.2246642668117,125,,216.27063425036056,2220.195466875828,0,2220.195466875828,366.50235267420567,425.2186540488346,,,,,,,,110.39925758928432,1.8280716658124447,1.8280716658124447,1.8280716658124447,,,
1205.2246642668117,150,0,,,,,,,0,19.999932691378163,0,0,0,19.999932691378163,19.999932691378163,,,,,,,
1205.2246642668117,175,,200.8420895256205,2217.7544747834518,0,2217.7544747834518,366.43577381809996,425.2186540488346,,,,,,,,110.3742563146708,2.2260429330290776,2.2260429330290776,2.2260429330290776,,,
1205.2246642668117,200,0,,,,,,,0,19.99990101000311,0,0,0,19.99990101000311,19.99990101000311,,,,,,,
1205.2246642668117,225,,186.6401295734351,2215.78574711085,0,2215.78574711085,366.3819869327291,425.2186540488346,,,,,,,,110.34919087418508,2.550447138836546,2.550447138836546,2.550447138836546,,,
1205.2246642668117,250,0,,,,,,,0,19.99986419324961,0,0,0,19.99986419324961,19.99986419324961,,,,,,,
1205.2246642668117,275,,173.6882518976644,2214.187878540439,0,2214.187878540439,366.3382734681201,425.2186540488346,,,,,,,,110.32407252276788,2.8150513241529893,2.8150513241529893,2.8150513241529893,,,
1205.2246642668117,300,0,,,,,,,0,19.9998217702596,0,0,0,19.9998217702596,19.9998217702596,,,,,,,
1205.2246642668117,325,,161.93106535107944,2212.879821077679,0,2212.879821077679,366.3024492564525,425.2186540488346,,,,,,,,110.29891058110763,3.0310007606029217,3.0310007606029217,3.0310007606029217,,,
1205.2246642668117,350,0,,,,,,,0,19.999772989845088,0,0,0,19.999772989845088,19.999772989845088,,,,,,,
1205.2246642668117,375,,151.27668778253673,2211.806385146309,0,2211.806385146309,366.27302429182845,425.2186540488346,,,,,,,,110.27371274345545,3.207333510290937,3.207333510290937,3.207333510290937,,,
1205.2246642668117,400,0,,,,,,,0,19.999716599296434,0,0,0,19.999716599296434,19.999716599296434,,,,,,,
1205.2246642668117,425,,141.60392990371022,2210.919316482986,0,2210.919316482986,366.24869002586155,425.2186540488346,,,,,,,,110.24848534856844,3.351391324129054,3.351391324129054,3.351391324129054,,,
1205.2246642668117,450,0,,,,,,,0,19.9996505748255,0,0,0,19.9996505748255,19.9996505748255,,,,,,,
1205.2246642668117,475,,132.793842542075,2210.178569824417,0,2210.178569824417,366.22835721165364,425.2186540488346,,,,,,,,110.2232336294992,3.4691473913495656,3.4691473913495656,3.4691473913495656,,,
1205.2246642668117,500,0,,,,,,,0,19.99957187240883,0,0,0,19.99957187240883,19.99957187240883,,,,,,,
1205.2246642668117,525,,124.73376343235758,2209.543709845233,0,2209.543709845233,366.2109218383257,425.2186540488346,,,,,,,,110.19796191775504,3.565468740042604,3.565468740042604,3.565468740042604,,,
1205.2246642668117,550,0,,,,,,,0,19.999476282246366,0,0,0,19.999476282246366,19.999476282246366,,,,,,,
1205.2246642668117,575,,117.30341147903546,2209.0346748526026,0,2209.0346748526026,366.1969359999044,425.2186540488346,,,,,,,,110.17267374109886,3.6443247765934075,3.6443247765934075,3.6443247765934075,,,
1205.2246642668117,600,0,,,,,,,0,19.999358508559204,0,0,0,19.999358508559204,19.999358508559204,,,,,,,
1205.2246642668117,625,,110.41809927392309,2208.596892592953,0,2208.596892592953,366.18490354310796,425.2186540488346,,,,,,,,110.14737200537093,3.708956260422781,3.708956260422781,3.708956260422781,,,
1205.2246642668117,650,0,,,,,,,0,19.999212446941602,0,0,0,19.999212446941602,19.999212446941602,,,,,,,
1205.2246642668117,675,,103.99902705657296,2208.2015471914756,0,2208.2015471914756,366.1740340446438,425.2186540488346,,,,,,,,110.12205914448838,3.7620068950728296,3.7620068950728296,3.7620068950728296,,,
1205.2246642668117,700,0,,,,,,,0,19.999031701117232,0,0,0,19.999031701117232,19.999031701117232,,,,,,,
1205.2246642668117,725,,97.9539020023852,2207.875885816489,0,2207.875885816489,366.165077977249,425.2186540488346,,,,,,,,110.09673715058348,3.8056305752510298,3.8056305752510298,3.8056305752510298,,,
1205.2246642668117,750,0,,,,,,,0,19.998810372470917,0,0,0,19.998810372470917,19.998810372470917,,,,,,,
1205.2246642668117,775,,92.22320102492496,2207.579103346994,0,2207.579103346994,366.1569141938174,425.2186540488346,,,,,,,,110.07140768569077,3.841578285587616,3.841578285587616,3.841578285587616,,,
1205.2246642668117,800,0,,,,,,,0,19.998543788792414,0,0,0,19.998543788792414,19.998543788792414,,,,,,,
1205.2246642668117,825,,86.73627847539156,2207.326830918527,0,2207.326830918527,366.14997333649006,425.2186540488346,,,,,,,,110.04607212845013,3.8712676947027944,3.8712676947027944,3.8712676947027944,,,
1205.2246642668117,850,0,,,,,,,0,19.998229219143568,0,0,0,19.998229219143568,19.998229219143568,,,,,,,
1205.2246642668117,875,,81.44180972657348,2207.0880084899754,0,2207.0880084899754,366.1434013140861,425.2186540488346,,,,,,,,110.02073162378336,3.8958424983904365,3.8958424983904365,3.8958424983904365,,,
1205.2246642668117,900,0,,,,,,,0,19.997866318383668,0,0,0,19.997866318383668,19.997866318383668,,,,,,,
1205.2246642668117,925,,76.28249638706554,2206.8647349589382,0,2206.8647349589382,366.1372561001199,425.2186540488346,,,,,,,,109.99538712597406,3.9162201075324674,3.9162201075324674,3.9162201075324674,,,
1205.2246642668117,950,0,,,,,,,0,19.99745729686316,0,0,0,19.99745729686316,19.99745729686316,,,,,,,
1205.2246642668117,975,,117.12917598496159,2211.863239016624,0,2211.863239016624,366.2745833645529,425.2186540488346,,,,,,,,100.01286082424005,3.519372516962619,3.519372516962619,3.519372516962619,,,
1205.2246642668117,1000,0,,,,,,,0,19.99701367030429,0,0,0,19.99701367030429,19.99701367030429,,,,,,,
